

public class GameGUI
{
    int[][] maze ={
        {8,8,8,8,8,8,8,8,8,8,8,8,8,8,8,8,8,8,8,8,8,8,8,8,8,8,8,8,8,8},
        {8,8,8,8,8,8,8,8,8,8,8,8,8,8,8,8,8,8,8,8,8,8,8,8,8,8,8,8,8,8},
        {8,8,1,1,1,1,1,1,1,1,1,1,1,1,1,1,1,1,1,1,1,1,1,1,1,1,1,1,8,8},
        {8,8,1,8,8,1,8,8,8,1,8,8,8,1,1,1,1,8,8,8,8,1,8,8,8,8,8,1,8,8},
        {8,8,1,8,8,1,1,1,1,1,8,8,8,1,1,1,1,8,8,1,1,1,8,1,1,1,8,1,8,8},
        {8,8,8,8,8,1,8,8,8,8,8,1,1,1,8,8,1,1,8,1,8,1,8,1,8,1,8,1,8,8},
        {8,8,1,1,1,1,8,1,1,1,8,8,8,1,8,8,8,1,1,1,8,1,8,1,8,1,8,1,8,8},
        {8,8,1,8,8,1,8,1,8,1,1,1,1,1,8,8,8,8,8,1,8,1,8,1,8,1,8,1,8,8},
        {8,8,1,8,8,1,8,1,8,8,8,8,8,8,8,8,1,1,1,1,8,1,8,1,8,1,8,1,8,8},
        {8,8,1,1,8,1,8,8,8,1,8,1,1,1,1,8,1,8,8,8,8,1,8,1,8,1,8,1,8,8},
        {8,8,8,1,8,1,8,1,8,1,1,1,8,8,1,1,1,8,1,1,1,1,8,1,8,1,8,1,8,8},
        {8,8,1,1,8,1,8,1,8,8,8,8,8,1,1,8,8,8,8,8,8,1,8,1,8,8,8,1,8,8},
        {8,8,8,8,8,1,8,1,1,1,1,1,1,1,8,8,1,1,1,1,8,1,8,1,1,1,1,1,8,8},
        {8,8,1,1,1,1,8,8,8,8,1,1,1,1,8,8,1,1,1,1,8,8,8,8,8,8,8,1,8,8},
        {8,8,1,8,8,8,8,1,1,8,1,1,1,1,8,8,1,1,1,1,1,1,1,1,1,1,8,1,8,8},
        {8,8,1,1,1,1,8,8,1,8,8,8,8,8,8,8,8,8,8,8,8,8,8,8,8,1,8,1,8,8},
        {8,8,8,8,8,1,8,8,1,8,8,8,1,1,1,1,8,1,1,1,8,1,1,1,8,1,8,1,8,8},
        {8,8,1,1,1,1,1,1,1,1,1,1,1,8,8,1,1,1,8,1,1,1,8,1,1,1,8,1,8,8},
        {8,8,1,8,8,8,8,8,8,8,8,8,8,8,8,8,8,8,8,8,8,8,8,8,8,8,8,1,8,8},
        {8,8,1,1,1,1,1,1,1,1,1,1,1,8,1,1,1,1,1,1,1,1,1,1,1,1,1,1,8,8},
        {8,8,8,8,8,8,8,8,8,8,8,8,8,8,8,8,8,8,8,8,8,8,8,8,8,8,8,8,8,8},
        {8,8,8,8,8,8,8,8,8,8,8,8,8,8,8,8,8,8,8,8,8,8,8,8,8,8,8,8,8,8},
    };
// overworld

int[][] overworld={
        {9,9,9,9,9,9,9,9,9,9,9,9,9,9,9,9,9,9,9,9,9,9,9,9,9,9,9,9,9,9},
        {9,9,9,9,9,9,9,9,9,9,9,9,9,9,9,9,9,9,9,9,9,9,9,9,9,9,9,9,9,9},
        {9,9,1,1,1,1,1,1,1,1,1,1,5,5,2,2,2,2,2,2,2,2,2,2,2,2,2,2,9,9},
        {9,9,1,1,1,1,1,1,1,1,1,5,5,5,2,2,2,7,7,7,7,7,7,7,2,2,2,2,9,9},
        {9,9,1,1,1,1,1,1,1,1,1,5,5,2,2,2,7,7,1,1,1,1,1,7,2,2,2,2,9,9},
        {9,9,1,1,1,1,1,1,1,1,1,5,5,2,2,7,7,1,1,1,1,1,1,7,7,7,2,2,9,9},
        {9,9,1,1,1,1,1,1,1,1,1,5,5,2,2,7,1,1,1,1,1,1,1,1,1,7,2,2,9,9},
        {9,9,1,1,1,1,1,1,1,1,5,5,5,2,2,7,1,1,1,1,1,1,1,7,7,7,2,2,9,9},
        {9,9,1,1,1,1,1,1,1,1,5,5,2,2,2,7,1,7,7,7,7,7,7,7,2,2,2,2,9,9},
        {9,9,1,1,1,1,1,1,1,1,5,5,2,2,2,7,7,7,2,2,2,2,2,2,2,2,2,2,9,9},
        {9,9,1,1,1,5,5,5,5,5,5,5,2,2,2,2,2,2,2,2,2,2,2,2,2,2,2,2,9,9},
        {9,9,5,5,5,5,5,5,5,5,5,5,2,2,2,2,2,2,2,2,2,2,2,2,2,8,8,8,9,9},
        {9,9,2,2,2,2,5,5,2,2,2,2,2,2,2,2,2,2,2,2,2,2,2,8,8,8,0,0,9,9},
        {9,9,2,2,2,5,5,5,2,2,2,2,2,2,2,2,2,2,2,2,2,2,8,8,0,0,0,0,9,9},
        {9,9,2,2,2,5,2,5,2,2,2,2,2,2,2,2,2,2,2,2,2,8,8,0,0,0,0,0,9,9},
        {9,9,2,2,5,5,2,5,2,2,2,2,2,2,2,2,2,2,2,2,8,8,0,0,0,0,0,0,9,9},
        {9,9,2,2,5,2,2,5,2,2,2,2,2,2,2,2,2,2,2,8,8,0,0,0,0,0,0,0,9,9},
        {9,9,5,5,5,2,2,5,5,2,2,2,2,2,2,2,2,2,2,8,0,0,0,0,0,0,0,0,9,9},
        {9,9,5,2,2,2,2,2,5,2,2,2,2,2,2,2,2,2,8,8,0,0,0,0,0,0,0,0,9,9},
        {9,9,5,2,2,2,2,2,5,2,2,2,2,2,2,2,2,2,8,0,0,0,0,0,0,0,0,0,9,9},
        {9,9,9,9,9,9,9,9,9,9,9,9,9,9,9,9,9,9,8,0,0,0,0,0,0,0,0,0,9,9},
        {9,9,9,9,9,9,9,9,9,9,9,9,9,9,9,9,9,9,9,9,9,9,9,9,9,9,9,9,9,9}, 
        };

    
    
    // level two

int[][] frogMap ={
        {9,9,9,9,9,9,9,9,9,9,9,9,9,9,9,9,9,9,9,9,9,9,9,9,9,9,9,9,9,9},
        {9,9,9,9,9,9,9,9,9,9,9,9,9,9,9,9,9,9,9,9,9,9,9,9,9,9,9,9,9,9},
        {9,9,5,5,5,5,5,5,5,5,5,5,5,5,5,5,5,5,5,5,5,5,5,5,5,5,5,5,9,9},
        {9,9,5,5,5,5,5,5,5,5,5,5,5,5,5,5,5,5,5,5,5,5,2,2,2,2,5,5,9,9},
        {9,9,5,5,5,5,5,5,5,5,5,5,5,5,5,5,5,5,5,5,5,2,2,2,2,2,2,5,9,9},
        {9,9,5,5,5,2,2,2,2,5,5,5,5,5,5,5,5,5,5,5,5,2,2,5,2,2,2,5,9,9},
        {9,9,5,5,2,2,2,2,2,2,5,5,5,5,4,5,5,5,5,5,5,5,5,5,2,2,2,5,9,9},
        {9,9,5,5,2,2,2,5,2,2,5,5,5,5,5,5,5,5,5,5,5,5,2,2,2,2,2,5,9,9},
        {9,9,5,5,2,2,2,5,5,2,5,5,5,5,5,5,5,5,5,5,5,5,2,2,2,2,5,5,9,9},
        {9,9,5,5,2,2,2,2,5,5,5,5,5,5,5,5,5,5,5,5,5,5,5,5,5,5,5,5,9,9},
        {9,9,5,5,5,2,2,2,5,5,5,5,5,5,5,5,5,4,5,5,5,5,5,5,5,5,5,5,9,9},
        {9,9,5,5,5,5,5,5,5,5,5,5,5,5,5,5,5,5,5,5,5,5,5,4,5,5,5,5,9,9},
        {9,9,5,5,5,5,5,5,5,5,5,5,5,5,5,5,5,5,5,5,5,5,5,5,5,5,5,5,9,9},
        {9,9,5,5,5,5,5,5,5,5,5,5,5,5,5,2,2,2,2,5,5,5,5,5,5,5,5,5,9,9},
        {9,9,5,5,5,5,5,5,4,5,5,5,5,5,2,2,2,2,2,2,5,5,5,5,5,5,5,5,9,9},
        {9,9,5,5,5,5,5,5,5,5,5,5,5,5,2,2,2,5,5,5,5,5,5,5,5,5,5,5,9,9},
        {9,9,5,5,5,5,5,5,5,5,5,5,5,5,2,2,2,2,2,5,5,5,5,5,5,5,5,5,9,9},
        {9,9,5,5,4,5,5,5,5,5,5,5,5,5,2,2,2,2,2,2,5,5,5,5,5,4,5,5,9,9},
        {9,9,5,5,5,5,5,5,5,5,5,5,5,5,5,2,2,2,2,5,5,5,5,5,5,5,5,5,9,9},
        {9,9,5,5,5,5,5,5,5,5,5,5,5,5,5,5,5,5,5,5,5,5,5,5,5,5,5,5,9,9},
        {9,9,9,9,9,9,9,9,9,9,9,9,9,9,9,9,9,9,9,9,9,9,9,9,9,9,9,9,9,9},
        {9,9,9,9,9,9,9,9,9,9,9,9,9,9,9,9,9,9,9,9,9,9,9,9,9,9,9,9,9,9},
    };


    // level three

int[][] birdMap={
        {7,7,7,7,7,7,7,7,7,7,7,7,7,7,7,7,7,7,7,7,7,7,7,7,7,7,7,7,7,7},
        {7,7,7,7,7,7,7,7,7,7,7,7,7,7,7,7,7,7,7,7,7,7,7,7,7,7,7,7,7,7},   
        {7,7,7,7,7,7,7,7,7,7,7,7,7,7,7,7,7,7,7,7,7,7,7,7,7,7,7,7,7,7},  
        {7,7,7,7,7,1,1,1,1,7,7,7,7,7,7,7,7,7,1,1,1,1,7,7,7,7,7,7,7,7},  
        {7,7,7,7,1,1,1,1,6,7,7,7,7,7,7,7,7,7,6,1,1,1,7,1,1,1,7,7,7,7},   
        {7,7,7,1,1,1,1,1,7,7,7,7,7,7,1,1,7,7,7,6,6,1,7,6,6,6,7,7,7,7},
        {7,7,7,1,1,1,1,6,7,7,7,7,7,1,1,1,1,7,7,7,7,6,7,7,7,7,1,1,7,7},     
        {7,7,7,1,1,1,1,7,7,7,7,7,1,1,1,1,1,1,7,7,7,7,7,7,1,1,1,1,7,7}, 
        {7,7,7,6,6,1,1,7,7,7,7,7,6,1,1,1,1,6,7,7,7,7,7,7,1,1,1,1,7,7}, 
        {7,7,7,7,7,6,6,7,7,7,7,7,7,6,1,1,6,7,7,7,7,7,7,7,6,1,1,6,7,7}, 
        {7,7,7,1,1,1,7,7,7,7,7,7,7,7,6,6,7,7,7,7,7,7,7,7,7,6,6,7,7,7}, 
        {7,7,7,1,1,1,1,7,7,7,7,7,7,7,7,7,7,7,7,7,7,7,1,1,1,7,7,7,7,7}, 
        {7,7,7,1,1,1,1,7,7,7,7,7,7,7,7,7,7,7,7,7,1,1,1,1,1,1,1,7,7,7},
        {7,7,7,1,1,1,1,7,7,7,7,7,7,7,7,7,7,7,7,7,1,1,1,1,1,1,1,7,7,7}, 
        {7,7,7,6,1,1,6,7,7,7,7,7,7,7,7,1,1,1,1,7,1,1,1,1,1,1,1,7,7,7}, 
        {7,7,7,7,6,6,7,7,7,1,1,1,7,1,1,1,1,1,1,7,1,1,1,1,1,1,1,7,7,7}, 
        {7,7,1,1,1,1,7,7,7,1,1,1,7,6,6,6,1,1,1,7,1,1,1,1,1,1,1,7,7,7},
        {7,7,1,1,1,1,1,1,7,1,1,6,7,7,7,7,6,1,1,7,1,1,1,1,1,1,1,7,7,7},
        {7,7,6,1,1,1,1,1,7,1,1,7,7,1,1,7,7,6,6,7,1,1,6,6,6,1,1,7,7,7},
        {7,7,7,6,6,6,6,6,7,6,6,7,7,7,7,7,7,7,7,7,6,6,7,7,7,6,6,7,7,7},
        {7,7,7,7,7,7,7,7,7,7,7,7,7,7,7,7,7,7,7,7,7,7,7,7,7,7,7,7,7,7},  
        {7,7,7,7,7,7,7,7,7,7,7,7,7,7,7,7,7,7,7,7,7,7,7,7,7,7,7,7,7,7},    
};



// level four

int[][] castleMap{
        {8,8,8,8,8,8,8,8,8,8,8,8,8,8,8,8,8,8,8,8,8,8,8,8,8,8,8,8,8,8},
        {8,8,8,8,8,8,8,8,8,8,8,8,8,8,8,8,8,8,8,8,8,8,8,8,8,8,8,8,8,8},
        {8,8,0,0,0,0,0,0,0,0,0,0,0,8,8,8,8,0,0,0,0,0,0,0,0,0,0,0,8,8},
        {8,8,0,3,3,3,3,3,3,3,3,3,0,8,8,8,8,0,3,3,3,3,3,3,3,3,3,0,8,8},
        {8,8,0,3,3,3,3,3,3,3,3,3,0,8,8,8,8,0,3,3,3,3,3,3,3,3,3,0,8,8},
        {8,8,0,3,3,3,3,3,3,3,3,3,0,8,8,8,8,0,3,3,3,3,3,3,3,3,3,0,8,8},
        {8,8,0,3,3,3,3,3,3,3,3,3,0,8,8,8,8,0,3,3,3,3,3,3,3,3,3,0,8,8},
        {8,8,0,3,3,3,3,3,3,3,3,3,0,8,8,8,8,0,3,3,3,3,3,3,3,3,3,0,8,8},
        {8,8,0,0,0,0,0,3,0,0,0,0,0,8,8,8,8,0,0,0,0,0,3,0,0,0,0,0,8,8},
        {8,8,8,8,8,8,0,3,0,8,8,8,8,8,8,8,8,8,8,8,8,0,3,0,8,8,8,8,8,8},
        {8,8,8,8,8,8,0,3,0,8,8,8,8,8,8,8,8,8,8,8,8,0,3,0,8,8,8,8,8,8},
        {8,8,8,8,8,8,0,3,0,8,8,8,8,8,8,8,8,8,8,8,8,0,3,0,8,8,8,8,8,8},
        {8,8,8,8,8,8,0,3,0,8,8,8,8,8,8,8,8,8,8,8,8,0,3,0,8,8,8,8,8,8},
        {8,8,0,0,0,0,0,3,0,0,0,0,0,8,8,8,8,0,0,0,0,0,3,0,0,0,0,0,8,8},
        {8,8,0,3,3,3,3,3,3,3,3,3,0,8,8,8,8,0,3,3,3,3,3,8,8,8,8,0,8,8},
        {8,8,0,3,3,3,3,3,3,3,3,3,0,0,0,0,0,0,3,3,3,3,3,3,3,3,3,0,8,8},
        {8,8,0,3,3,3,3,3,3,3,3,3,3,3,3,3,3,3,3,3,3,3,3,3,3,3,3,0,8,8},
        {8,8,0,3,3,3,3,3,3,3,3,3,0,0,0,0,0,0,3,3,3,3,3,3,3,3,3,0,8,8},
        {8,8,0,3,3,3,3,3,3,3,3,3,0,8,8,8,8,0,3,3,3,3,3,3,3,3,3,0,8,8},
        {8,8,0,0,0,0,0,0,0,0,0,0,0,8,8,8,8,0,0,0,0,0,0,0,0,0,0,0,8,8},
        {8,8,8,8,8,8,8,8,8,8,8,8,8,8,8,8,8,8,8,8,8,8,8,8,8,8,8,8,8,8},
        {8,8,8,8,8,8,8,8,8,8,8,8,8,8,8,8,8,8,8,8,8,8,8,8,8,8,8,8,8,8},
    };


    /**
     * Constructor for objects of class GameGUI
     */
    public GameGUI()
    {
        
    }
    
    public Map mazeMap()
    {
        Map m = new Map(maze);
        return m;
    }

 

}
